DISTANCE         20    25    30    35    40
32 sports ball  0.52  0.39  0.31  0.28  0.23
39 bottle       0.99  0.99  0.89  0.75  0.65
40 wine glass   0.98  0.85  0.7   0.56  0.5
41 cup          0.66  0.48  0.4   0.34  0.3
42 fork         0.95  0.7   0.63  0.52  0.48
43 knife        0.95  0.7   0.63  0.52  0.48
44 spoon        0.95  0.7   0.63  0.52  0.48
45 bowl         0.75  0.55  0.51  0.45  0.40
46 banana       0.82  0.68  0.56  0.48  0.44
47 apple        0.5   0.4   0.32  0.27  0.23
49 orange       0.51  0.4   0.33  0.28  0.24
64 mouse        0.48  0.39  0.33  0.28  0.24
65 remote       0.8   0.65  0.55  0.47  0.4
67 cell phone   0.8   0.65  0.55  0.47  0.4
74 clock        0.7   0.52  0.4   0.35  0.3
76 scissors     0.8   0.62  0.54  0.45  0.38